# org : project-management, LLM : claude_sonnet_4, num_ctx : 0

iteration : 0,
  seconds_elapsed : 0:01:36.350333,
  acl_jacc_val : 0.11009174311926606,
  gt_acl : 101,
  llm_acl : 20,
  intersection : 12,
  under_perm : 89,
  over_perm : 8,
  syntax_jacc_avg : 0.6499999999999999,
  semantic_jacc_avg : 0.032,
  x_syntax_jacc_avg   : 0.6479166666666666,
  x_semantic_jacc_avg : 0.03779310344827586

iteration : 1,
  seconds_elapsed : 0:01:38.512058,
  acl_jacc_val : 0.10256410256410256,
  gt_acl : 101,
  llm_acl : 28,
  intersection : 12,
  under_perm : 89,
  over_perm : 16,
  syntax_jacc_avg : 0.6416666666666666,
  semantic_jacc_avg : 0.032
  x_syntax_jacc_avg   : 0.6479166666666666,
  x_semantic_jacc_avg : 0.04

iteration : 2,
  seconds_elapsed : 0:01:33.694747,
  acl_jacc_val : 0.1188118811881188,
  gt_acl : 101,
  llm_acl : 12,
  intersection : 12,
  under_perm : 89,
  over_perm : 0,
  syntax_jacc_avg : 0.6416666666666666,
  semantic_jacc_avg : 0.032
  x_syntax_jacc_avg   : 0.6564814814814814,
  x_semantic_jacc_avg : 0.042666666666666665