# org : healthcare, LLM : claude_opus_4_1, num_ctx : 0

iteration : 0,
  seconds_elapsed : 0:00:15.912578,
  acl_jacc_val : 0.5490196078431373,
  gt_acl : 43,
  llm_acl : 36,
  intersection : 28,
  under_perm : 15,
  over_perm : 8,
  syntax_jacc_avg : 0.7777777777777777,
  semantic_jacc_avg : 0.6759259259259259,
  x_syntax_jacc_avg   : 0.7592592592592593,
  x_semantic_jacc_avg : 0.58994708994709

iteration : 1,
  seconds_elapsed : 0:00:09.999022,
  acl_jacc_val : 0.6056338028169014,
  gt_acl : 43,
  llm_acl : 71,
  intersection : 43,
  under_perm : 0,
  over_perm : 28,
  syntax_jacc_avg : 0.7916666666666666,
  semantic_jacc_avg : 0.8765432098765432
  x_syntax_jacc_avg   : 0.7708333333333333,
  x_semantic_jacc_avg : 0.7602145796590242

iteration : 2,
  seconds_elapsed : 0:00:09.897481,
  acl_jacc_val : 0.9069767441860465,
  gt_acl : 43,
  llm_acl : 39,
  intersection : 39,
  under_perm : 4,
  over_perm : 0,
  syntax_jacc_avg : 0.75,
  semantic_jacc_avg : 0.8412698412698413
  x_syntax_jacc_avg   : 0.7416666666666667,
  x_semantic_jacc_avg : 0.7039682539682539