# org : healthcare, LLM : claude_sonnet_4, num_ctx : 0

iteration : 0,
  seconds_elapsed : 0:01:35.642718,
  acl_jacc_val : 0.627906976744186,
  gt_acl : 43,
  llm_acl : 27,
  intersection : 27,
  under_perm : 16,
  over_perm : 0,
  syntax_jacc_avg : 0.763888888888889,
  semantic_jacc_avg : 0.5722222222222223,
  x_syntax_jacc_avg   : 0.6986111111111111,
  x_semantic_jacc_avg : 0.46111111111111114

iteration : 1,
  seconds_elapsed : 0:01:34.350562,
  acl_jacc_val : 0.627906976744186,
  gt_acl : 43,
  llm_acl : 27,
  intersection : 27,
  under_perm : 16,
  over_perm : 0,
  syntax_jacc_avg : 0.763888888888889,
  semantic_jacc_avg : 0.5722222222222223
  x_syntax_jacc_avg   : 0.6986111111111111,
  x_semantic_jacc_avg : 0.46111111111111114

iteration : 2,
  seconds_elapsed : 0:01:34.209884,
  acl_jacc_val : 0.627906976744186,
  gt_acl : 43,
  llm_acl : 27,
  intersection : 27,
  under_perm : 16,
  over_perm : 0,
  syntax_jacc_avg : 0.763888888888889,
  semantic_jacc_avg : 0.5722222222222223
  x_syntax_jacc_avg   : 0.6986111111111111,
  x_semantic_jacc_avg : 0.46111111111111114