# org : university, LLM : claude_sonnet_4, num_ctx : 0

iteration : 0,
  seconds_elapsed : 0:01:37.887906,
  acl_jacc_val : 0.7738095238095238,
  gt_acl : 168,
  llm_acl : 130,
  intersection : 130,
  under_perm : 38,
  over_perm : 0,
  syntax_jacc_avg : 0.7333333333333334,
  semantic_jacc_avg : 0.5619047619047619,
  x_syntax_jacc_avg   : 0.709469696969697,
  x_semantic_jacc_avg : 0.530952380952381

iteration : 1,
  seconds_elapsed : 0:01:33.754305,
  acl_jacc_val : 0.7738095238095238,
  gt_acl : 168,
  llm_acl : 130,
  intersection : 130,
  under_perm : 38,
  over_perm : 0,
  syntax_jacc_avg : 0.7333333333333334,
  semantic_jacc_avg : 0.5619047619047619
  x_syntax_jacc_avg   : 0.709469696969697,
  x_semantic_jacc_avg : 0.530952380952381

iteration : 2,
  seconds_elapsed : 0:01:33.948149,
  acl_jacc_val : 0.7738095238095238,
  gt_acl : 168,
  llm_acl : 130,
  intersection : 130,
  under_perm : 38,
  over_perm : 0,
  syntax_jacc_avg : 0.7333333333333334,
  semantic_jacc_avg : 0.5619047619047619
  x_syntax_jacc_avg   : 0.709469696969697,
  x_semantic_jacc_avg : 0.530952380952381