# org : university, LLM : claude_sonnet_4, num_ctx : 0

iteration : 0,
  seconds_elapsed : 0:01:38.105611,
  acl_jacc_val : 0.6666666666666666,
  gt_acl : 168,
  llm_acl : 112,
  intersection : 112,
  under_perm : 56,
  over_perm : 0,
  syntax_jacc_avg : 0.6500000000000001,
  semantic_jacc_avg : 0.4833333333333334,
  x_syntax_jacc_avg   : 0.662962962962963,
  x_semantic_jacc_avg : 0.5101851851851853

iteration : 1,
  seconds_elapsed : 0:01:33.512291,
  acl_jacc_val : 0.6785714285714286,
  gt_acl : 168,
  llm_acl : 114,
  intersection : 114,
  under_perm : 54,
  over_perm : 0,
  syntax_jacc_avg : 0.6500000000000001,
  semantic_jacc_avg : 0.4833333333333334
  x_syntax_jacc_avg   : 0.6541666666666668,
  x_semantic_jacc_avg : 0.4916666666666667

iteration : 2,
  seconds_elapsed : 0:01:34.327009,
  acl_jacc_val : 0.7976190476190477,
  gt_acl : 168,
  llm_acl : 134,
  intersection : 134,
  under_perm : 34,
  over_perm : 0,
  syntax_jacc_avg : 0.7666666666666667,
  semantic_jacc_avg : 0.6619047619047619
  x_syntax_jacc_avg   : 0.7412878787878787,
  x_semantic_jacc_avg : 0.6264069264069264