# org : workforce, LLM : gpt_oss_120b, num_ctx : 131072

iteration : 0,
  seconds_elapsed : 0:09:43.506841,
  acl_jacc_val : 0.0,
  gt_acl : 15858,
  llm_acl : 0,
  intersection : 0,
  under_perm : 15858,
  over_perm : 0,
  syntax_jacc_avg : 0.04821428571428573,
  semantic_jacc_avg : 0,
  x_syntax_jacc_avg   : 0.07410714285714287,
  x_semantic_jacc_avg : 0.0

iteration : 1,
  seconds_elapsed : 0:10:34.067658,
  acl_jacc_val : 0.0,
  gt_acl : 15858,
  llm_acl : 0,
  intersection : 0,
  under_perm : 15858,
  over_perm : 0,
  syntax_jacc_avg : 0.1130952380952381,
  semantic_jacc_avg : 0
  x_syntax_jacc_avg   : 0.16418650793650794,
  x_semantic_jacc_avg : 0.0

iteration : 2,
  seconds_elapsed : 0:08:51.804617,
  acl_jacc_val : 0.0,
  gt_acl : 15858,
  llm_acl : 0,
  intersection : 0,
  under_perm : 15858,
  over_perm : 0,
  syntax_jacc_avg : 0.1130952380952381,
  semantic_jacc_avg : 0
  x_syntax_jacc_avg   : 0.16418650793650794,
  x_semantic_jacc_avg : 0.0