# org : healthcare, LLM : gpt_oss_120b, num_ctx : 131072

iteration : 0,
  seconds_elapsed : 0:02:34.986916,
  acl_jacc_val : 0.32575757575757575,
  gt_acl : 43,
  llm_acl : 132,
  intersection : 43,
  under_perm : 0,
  over_perm : 89,
  syntax_jacc_avg : 0.513888888888889,
  semantic_jacc_avg : 0.2777777777777778,
  x_syntax_jacc_avg   : 0.47222222222222227,
  x_semantic_jacc_avg : 0.2574555074555075

iteration : 1,
  seconds_elapsed : 0:02:05.404838,
  acl_jacc_val : 0.32575757575757575,
  gt_acl : 43,
  llm_acl : 132,
  intersection : 43,
  under_perm : 0,
  over_perm : 89,
  syntax_jacc_avg : 0.4305555555555556,
  semantic_jacc_avg : 0.28125
  x_syntax_jacc_avg   : 0.40017361111111116,
  x_semantic_jacc_avg : 0.26395089285714285

iteration : 2,
  seconds_elapsed : 0:02:15.916061,
  acl_jacc_val : 0.08565737051792828,
  gt_acl : 43,
  llm_acl : 502,
  intersection : 43,
  under_perm : 0,
  over_perm : 459,
  syntax_jacc_avg : 0.25,
  semantic_jacc_avg : 0.36507936507936506
  x_syntax_jacc_avg   : 0.25,
  x_semantic_jacc_avg : 0.32450540602714517