# org : healthcare, LLM : llama3_3_70b, num_ctx : 131072

iteration : 0,
  seconds_elapsed : 0:02:19.687466,
  acl_jacc_val : 0.12698412698412698,
  gt_acl : 43,
  llm_acl : 28,
  intersection : 8,
  under_perm : 35,
  over_perm : 20,
  syntax_jacc_avg : 0.4351851851851851,
  semantic_jacc_avg : 0.05147058823529412,
  x_syntax_jacc_avg   : 0.47249455337690627,
  x_semantic_jacc_avg : 0.047361591695501734

iteration : 1,
  seconds_elapsed : 0:33:20.027790,
  acl_jacc_val : 0.12698412698412698,
  gt_acl : 43,
  llm_acl : 28,
  intersection : 8,
  under_perm : 35,
  over_perm : 20,
  syntax_jacc_avg : 0.0,
  semantic_jacc_avg : 0
  x_syntax_jacc_avg   : 0.0,
  x_semantic_jacc_avg : 0.0

iteration : 2,
  seconds_elapsed : 0:01:07.656728,
  acl_jacc_val : 0.0,
  gt_acl : 43,
  llm_acl : 64,
  intersection : 0,
  under_perm : 43,
  over_perm : 64,
  syntax_jacc_avg : 0.4305555555555555,
  semantic_jacc_avg : 0.0
  x_syntax_jacc_avg   : 0.3759920634920635,
  x_semantic_jacc_avg : 0.0