# org : university, LLM : gpt_oss_120b, num_ctx : 131072

iteration : 0,
  seconds_elapsed : 0:02:31.745338,
  acl_jacc_val : 0.0,
  gt_acl : 168,
  llm_acl : 28,
  intersection : 0,
  under_perm : 168,
  over_perm : 28,
  syntax_jacc_avg : 0.4083333333333333,
  semantic_jacc_avg : 0.0,
  x_syntax_jacc_avg   : 0.42499999999999993,
  x_semantic_jacc_avg : 0.0

iteration : 1,
  seconds_elapsed : 0:01:19.850123,
  acl_jacc_val : 0.0,
  gt_acl : 168,
  llm_acl : 0,
  intersection : 0,
  under_perm : 168,
  over_perm : 0,
  syntax_jacc_avg : 0.6416666666666667,
  semantic_jacc_avg : 0
  x_syntax_jacc_avg   : 0.6352272727272728,
  x_semantic_jacc_avg : 0.0

iteration : 2,
  seconds_elapsed : 0:01:49.061196,
  acl_jacc_val : 0.0,
  gt_acl : 168,
  llm_acl : 0,
  intersection : 0,
  under_perm : 168,
  over_perm : 0,
  syntax_jacc_avg : 0.6416666666666667,
  semantic_jacc_avg : 0
  x_syntax_jacc_avg   : 0.6458333333333333,
  x_semantic_jacc_avg : 0.0