# org : project-management, LLM : claude_sonnet_4, num_ctx : 0

iteration : 0,
  seconds_elapsed : 0:01:36.172236,
  acl_jacc_val : 0.11009174311926606,
  gt_acl : 101,
  llm_acl : 20,
  intersection : 12,
  under_perm : 89,
  over_perm : 8,
  syntax_jacc_avg : 0.6333333333333332,
  semantic_jacc_avg : 0.032,
  x_syntax_jacc_avg   : 0.6395833333333332,
  x_semantic_jacc_avg : 0.03779310344827586

iteration : 1,
  seconds_elapsed : 0:01:39.242357,
  acl_jacc_val : 0.1188118811881188,
  gt_acl : 101,
  llm_acl : 12,
  intersection : 12,
  under_perm : 89,
  over_perm : 0,
  syntax_jacc_avg : 0.625,
  semantic_jacc_avg : 0.032
  x_syntax_jacc_avg   : 0.6481481481481481,
  x_semantic_jacc_avg : 0.042666666666666665

iteration : 2,
  seconds_elapsed : 0:01:34.526973,
  acl_jacc_val : 0.1188118811881188,
  gt_acl : 101,
  llm_acl : 12,
  intersection : 12,
  under_perm : 89,
  over_perm : 0,
  syntax_jacc_avg : 0.6,
  semantic_jacc_avg : 0.032
  x_syntax_jacc_avg   : 0.6148148148148147,
  x_semantic_jacc_avg : 0.042666666666666665