# org : workforce, LLM : openai_gpt5, num_ctx : 0

iteration : 0,
  seconds_elapsed : 0:03:56.011258,
  acl_jacc_val : 0.6739557178726319,
  gt_acl : 15858,
  llm_acl : 20810,
  intersection : 14763,
  under_perm : 1095,
  over_perm : 6047,
  syntax_jacc_avg : 0.662202380952381,
  semantic_jacc_avg : 0.24385411358963976,
  x_syntax_jacc_avg   : 0.711656746031746,
  x_semantic_jacc_avg : 0.28550324795946735

iteration : 1,
  seconds_elapsed : 0:01:33.297897,
  acl_jacc_val : 0.6739557178726319,
  gt_acl : 15858,
  llm_acl : 20810,
  intersection : 14763,
  under_perm : 1095,
  over_perm : 6047,
  syntax_jacc_avg : 0.0,
  semantic_jacc_avg : 0
  x_syntax_jacc_avg   : 0.0,
  x_semantic_jacc_avg : 0.0

iteration : 2,
  seconds_elapsed : 0:01:32.876323,
  acl_jacc_val : 0.6739557178726319,
  gt_acl : 15858,
  llm_acl : 20810,
  intersection : 14763,
  under_perm : 1095,
  over_perm : 6047,
  syntax_jacc_avg : 0.0,
  semantic_jacc_avg : 0
  x_syntax_jacc_avg   : 0.0,
  x_semantic_jacc_avg : 0.0