# org : healthcare, LLM : gpt_oss_20b, num_ctx : 131072

iteration : 0,
  seconds_elapsed : 0:01:44.407527,
  acl_jacc_val : 0.03773584905660377,
  gt_acl : 43,
  llm_acl : 12,
  intersection : 2,
  under_perm : 41,
  over_perm : 10,
  syntax_jacc_avg : 0.4305555555555556,
  semantic_jacc_avg : 0.015151515151515152,
  x_syntax_jacc_avg   : 0.33101851851851855,
  x_semantic_jacc_avg : 0.012626262626262628

iteration : 1,
  seconds_elapsed : 0:02:41.969154,
  acl_jacc_val : 0.0,
  gt_acl : 43,
  llm_acl : 0,
  intersection : 0,
  under_perm : 43,
  over_perm : 0,
  syntax_jacc_avg : 0.4305555555555556,
  semantic_jacc_avg : 0
  x_syntax_jacc_avg   : 0.37673611111111116,
  x_semantic_jacc_avg : 0.0

iteration : 2,
  seconds_elapsed : 0:02:21.789204,
  acl_jacc_val : 0.0,
  gt_acl : 43,
  llm_acl : 0,
  intersection : 0,
  under_perm : 43,
  over_perm : 0,
  syntax_jacc_avg : 0.6736111111111112,
  semantic_jacc_avg : 0
  x_syntax_jacc_avg   : 0.6206597222222222,
  x_semantic_jacc_avg : 0.0