# org : workforce, LLM : openai_gpt5, num_ctx : 0

iteration : 0,
  seconds_elapsed : 0:04:12.738702,
  acl_jacc_val : 0.42480385669723036,
  gt_acl : 15858,
  llm_acl : 14288,
  intersection : 8988,
  under_perm : 6870,
  over_perm : 5300,
  syntax_jacc_avg : 0.648809523809524,
  semantic_jacc_avg : 0.19105094171991147,
  x_syntax_jacc_avg   : 0.6799603174603175,
  x_semantic_jacc_avg : 0.22574319565895884

iteration : 1,
  seconds_elapsed : 0:00:03.728146,
  acl_jacc_val : 0.42480385669723036,
  gt_acl : 15858,
  llm_acl : 14288,
  intersection : 8988,
  under_perm : 6870,
  over_perm : 5300,
  syntax_jacc_avg : 0.0,
  semantic_jacc_avg : 0
  x_syntax_jacc_avg   : 0.0,
  x_semantic_jacc_avg : 0.0

iteration : 2,
  seconds_elapsed : 0:00:08.971456,
  acl_jacc_val : 0.42480385669723036,
  gt_acl : 15858,
  llm_acl : 14288,
  intersection : 8988,
  under_perm : 6870,
  over_perm : 5300,
  syntax_jacc_avg : 0.0,
  semantic_jacc_avg : 0
  x_syntax_jacc_avg   : 0.0,
  x_semantic_jacc_avg : 0.0