# org : workforce, LLM : gpt_oss_120b, num_ctx : 131072

iteration : 0,
  seconds_elapsed : 0:09:00.502372,
  acl_jacc_val : 0.1282607046481636,
  gt_acl : 15858,
  llm_acl : 88250,
  intersection : 11835,
  under_perm : 4023,
  over_perm : 76415,
  syntax_jacc_avg : 0.08928571428571429,
  semantic_jacc_avg : 0.006509842969218553,
  x_syntax_jacc_avg   : 0.16964285714285715,
  x_semantic_jacc_avg : 0.039798830833051205

iteration : 1,
  seconds_elapsed : 0:08:55.541287,
  acl_jacc_val : 0.1282607046481636,
  gt_acl : 15858,
  llm_acl : 88250,
  intersection : 11835,
  under_perm : 4023,
  over_perm : 76415,
  syntax_jacc_avg : 0.08928571428571429,
  semantic_jacc_avg : 0.006509842969218553
  x_syntax_jacc_avg   : 0.16964285714285715,
  x_semantic_jacc_avg : 0.039798830833051205

iteration : 2,
  seconds_elapsed : 0:08:48.955476,
  acl_jacc_val : 0.1282607046481636,
  gt_acl : 15858,
  llm_acl : 88250,
  intersection : 11835,
  under_perm : 4023,
  over_perm : 76415,
  syntax_jacc_avg : 0.08928571428571429,
  semantic_jacc_avg : 0.006509842969218553
  x_syntax_jacc_avg   : 0.16964285714285715,
  x_semantic_jacc_avg : 0.039798830833051205