# org : workforce, LLM : gpt_oss_120b, num_ctx : 131072

iteration : 0,
  seconds_elapsed : 0:09:54.548640,
  acl_jacc_val : 0.0,
  gt_acl : 15858,
  llm_acl : 0,
  intersection : 0,
  under_perm : 15858,
  over_perm : 0,
  syntax_jacc_avg : 0.08928571428571429,
  semantic_jacc_avg : 0,
  x_syntax_jacc_avg   : 0.16964285714285715,
  x_semantic_jacc_avg : 0.0

iteration : 1,
  seconds_elapsed : 0:08:31.379392,
  acl_jacc_val : 0.0,
  gt_acl : 15858,
  llm_acl : 0,
  intersection : 0,
  under_perm : 15858,
  over_perm : 0,
  syntax_jacc_avg : 0.08928571428571429,
  semantic_jacc_avg : 0
  x_syntax_jacc_avg   : 0.16964285714285715,
  x_semantic_jacc_avg : 0.0

iteration : 2,
  seconds_elapsed : 0:09:26.444244,
  acl_jacc_val : 0.0,
  gt_acl : 15858,
  llm_acl : 0,
  intersection : 0,
  under_perm : 15858,
  over_perm : 0,
  syntax_jacc_avg : 0.08928571428571429,
  semantic_jacc_avg : 0
  x_syntax_jacc_avg   : 0.12797619047619047,
  x_semantic_jacc_avg : 0.0