# org : workforce, LLM : claude_sonnet_4, num_ctx : 0

iteration : 0,
  seconds_elapsed : 0:00:19.874713,
  acl_jacc_val : 0.3491281958623182,
  gt_acl : 15858,
  llm_acl : 14009,
  intersection : 7729,
  under_perm : 8129,
  over_perm : 6280,
  syntax_jacc_avg : 0.621279761904762,
  semantic_jacc_avg : 0.13797133974104184,
  x_syntax_jacc_avg   : 0.6526537698412699,
  x_semantic_jacc_avg : 0.12781372416977527

iteration : 1,
  seconds_elapsed : 0:00:03.914081,
  acl_jacc_val : 0.3491281958623182,
  gt_acl : 15858,
  llm_acl : 14009,
  intersection : 7729,
  under_perm : 8129,
  over_perm : 6280,
  syntax_jacc_avg : 0.0,
  semantic_jacc_avg : 0
  x_syntax_jacc_avg   : 0.0,
  x_semantic_jacc_avg : 0.0

iteration : 2,
  seconds_elapsed : 0:00:03.756907,
  acl_jacc_val : 0.3491281958623182,
  gt_acl : 15858,
  llm_acl : 14009,
  intersection : 7729,
  under_perm : 8129,
  over_perm : 6280,
  syntax_jacc_avg : 0.0,
  semantic_jacc_avg : 0
  x_syntax_jacc_avg   : 0.0,
  x_semantic_jacc_avg : 0.0