# org : university, LLM : gpt_oss_20b, num_ctx : 131072

iteration : 0,
  seconds_elapsed : 0:03:51.303108,
  acl_jacc_val : 0.0,
  gt_acl : 168,
  llm_acl : 0,
  intersection : 0,
  under_perm : 168,
  over_perm : 0,
  syntax_jacc_avg : 0.5833333333333333,
  semantic_jacc_avg : 0,
  x_syntax_jacc_avg   : 0.5133928571428571,
  x_semantic_jacc_avg : 0.0

iteration : 1,
  seconds_elapsed : 0:01:48.923267,
  acl_jacc_val : 0.0,
  gt_acl : 168,
  llm_acl : 0,
  intersection : 0,
  under_perm : 168,
  over_perm : 0,
  syntax_jacc_avg : 0.5083333333333333,
  semantic_jacc_avg : 0
  x_syntax_jacc_avg   : 0.47291666666666665,
  x_semantic_jacc_avg : 0.0

iteration : 2,
  seconds_elapsed : 0:02:08.652232,
  acl_jacc_val : 0.0,
  gt_acl : 168,
  llm_acl : 0,
  intersection : 0,
  under_perm : 168,
  over_perm : 0,
  syntax_jacc_avg : 0.5083333333333333,
  semantic_jacc_avg : 0
  x_syntax_jacc_avg   : 0.48506944444444444,
  x_semantic_jacc_avg : 0.0