# org : workforce, LLM : gemini_2_5_flash

iteration : 0,
  seconds_elapsed : 0:00:04.274800,
  acl_jacc_val : 0.0,
  gt_acl : 15858,
  llm_acl : 41120,
  intersection : 0,
  under_perm : 15858,
  over_perm : 41120,
  syntax_jacc_avg : 0.5784722222222223,
  semantic_jacc_avg : 0.0,

iteration : 1,
  seconds_elapsed : 0:00:51.769654,
  acl_jacc_val : 0.0061843808428016685,
  gt_acl : 15858,
  llm_acl : 40110,
  intersection : 344,
  under_perm : 15514,
  over_perm : 39766,
  syntax_jacc_avg : 0.5810185185185185,
  semantic_jacc_avg : 0.007726269315673289