# org : healthcare, LLM : deepseek_r1_70b, num_ctx : 131072

iteration : 0,
  seconds_elapsed : 0:10:18.508110,
  acl_jacc_val : 0.1016260162601626,
  gt_acl : 43,
  llm_acl : 228,
  intersection : 25,
  under_perm : 18,
  over_perm : 203,
  syntax_jacc_avg : 0.3333333333333333,
  semantic_jacc_avg : 0.07794312169312169,
  x_syntax_jacc_avg   : 0.33854166666666663,
  x_semantic_jacc_avg : 0.09742890211640212

iteration : 1,
  seconds_elapsed : 0:05:25.504793,
  acl_jacc_val : 0.052702702702702706,
  gt_acl : 43,
  llm_acl : 736,
  intersection : 39,
  under_perm : 4,
  over_perm : 697,
  syntax_jacc_avg : 0.25,
  semantic_jacc_avg : 0.06554232804232805
  x_syntax_jacc_avg   : 0.25,
  x_semantic_jacc_avg : 0.07582671957671958

iteration : 2,
  seconds_elapsed : 0:08:30.961227,
  acl_jacc_val : 0.05635838150289017,
  gt_acl : 43,
  llm_acl : 688,
  intersection : 39,
  under_perm : 4,
  over_perm : 649,
  syntax_jacc_avg : 0.25,
  semantic_jacc_avg : 0.08845899470899471
  x_syntax_jacc_avg   : 0.25,
  x_semantic_jacc_avg : 0.08974041005291006