# org : university, LLM : openai_gpt5, num_ctx : 0

iteration : 0,
  seconds_elapsed : 0:03:20.800627,
  acl_jacc_val : 1.0,
  gt_acl : 168,
  llm_acl : 168,
  intersection : 168,
  under_perm : 0,
  over_perm : 0,
  syntax_jacc_avg : 0.8375,
  semantic_jacc_avg : 0.9099999999999999,
  x_syntax_jacc_avg   : 0.8291666666666666,
  x_semantic_jacc_avg : 0.9099999999999999

iteration : 1,
  seconds_elapsed : 0:00:30.109416,
  acl_jacc_val : 1.0,
  gt_acl : 168,
  llm_acl : 168,
  intersection : 168,
  under_perm : 0,
  over_perm : 0,
  syntax_jacc_avg : 0.8375,
  semantic_jacc_avg : 0.9099999999999999
  x_syntax_jacc_avg   : 0.8291666666666666,
  x_semantic_jacc_avg : 0.9099999999999999

iteration : 2,
  seconds_elapsed : 0:00:44.431375,
  acl_jacc_val : 1.0,
  gt_acl : 168,
  llm_acl : 168,
  intersection : 168,
  under_perm : 0,
  over_perm : 0,
  syntax_jacc_avg : 0.8375,
  semantic_jacc_avg : 0.9099999999999999
  x_syntax_jacc_avg   : 0.8291666666666666,
  x_semantic_jacc_avg : 0.9099999999999999