# org : healthcare, LLM : claude_opus_4_1, num_ctx : 0

iteration : 0,
  seconds_elapsed : 0:00:13.356501,
  acl_jacc_val : 0.9069767441860465,
  gt_acl : 43,
  llm_acl : 39,
  intersection : 39,
  under_perm : 4,
  over_perm : 0,
  syntax_jacc_avg : 0.763888888888889,
  semantic_jacc_avg : 0.8333333333333334,
  x_syntax_jacc_avg   : 0.7199074074074074,
  x_semantic_jacc_avg : 0.6944444444444444

iteration : 1,
  seconds_elapsed : 0:00:07.644046,
  acl_jacc_val : 0.9069767441860465,
  gt_acl : 43,
  llm_acl : 39,
  intersection : 39,
  under_perm : 4,
  over_perm : 0,
  syntax_jacc_avg : 0.763888888888889,
  semantic_jacc_avg : 0.8333333333333334
  x_syntax_jacc_avg   : 0.7199074074074074,
  x_semantic_jacc_avg : 0.6944444444444444

iteration : 2,
  seconds_elapsed : 0:00:06.087986,
  acl_jacc_val : 0.9069767441860465,
  gt_acl : 43,
  llm_acl : 39,
  intersection : 39,
  under_perm : 4,
  over_perm : 0,
  syntax_jacc_avg : 0.763888888888889,
  semantic_jacc_avg : 0.8333333333333334
  x_syntax_jacc_avg   : 0.7199074074074074,
  x_semantic_jacc_avg : 0.6944444444444444