# org : university, LLM : gpt_5

iteration : 0,
  seconds_elapsed : 1.845053,
  acl_jacc_val : 1.0,
  gt_acl : 168,
  llm_acl : 168,
  intersection : 168,
  under_perm : 0,
  over_perm : 0,
  syntax_jacc_avg : 0.7958333333333333,
  semantic_jacc_avg : 0.9099999999999999,