# org : healthcare, LLM : claude_sonnet_4, num_ctx : 0

iteration : 0,
  seconds_elapsed : 0:01:38.302701,
  acl_jacc_val : 0.48314606741573035,
  gt_acl : 43,
  llm_acl : 89,
  intersection : 43,
  under_perm : 0,
  over_perm : 46,
  syntax_jacc_avg : 0.7916666666666666,
  semantic_jacc_avg : 0.90625,
  x_syntax_jacc_avg   : 0.7708333333333333,
  x_semantic_jacc_avg : 0.7722537878787878

iteration : 1,
  seconds_elapsed : 0:01:33.500147,
  acl_jacc_val : 0.48314606741573035,
  gt_acl : 43,
  llm_acl : 89,
  intersection : 43,
  under_perm : 0,
  over_perm : 46,
  syntax_jacc_avg : 0.7916666666666666,
  semantic_jacc_avg : 0.90625
  x_syntax_jacc_avg   : 0.7708333333333333,
  x_semantic_jacc_avg : 0.7722537878787878

iteration : 2,
  seconds_elapsed : 0:01:37.197662,
  acl_jacc_val : 0.5180722891566265,
  gt_acl : 43,
  llm_acl : 83,
  intersection : 43,
  under_perm : 0,
  over_perm : 40,
  syntax_jacc_avg : 0.7777777777777777,
  semantic_jacc_avg : 0.8888888888888888
  x_syntax_jacc_avg   : 0.7569444444444444,
  x_semantic_jacc_avg : 0.7577861952861953