# org : workforce, LLM : claude_sonnet_4, num_ctx : 0

iteration : 0,
  seconds_elapsed : 0:00:24.396396,
  acl_jacc_val : 0.0007737371504366088,
  gt_acl : 15858,
  llm_acl : 2250,
  intersection : 14,
  under_perm : 15844,
  over_perm : 2236,
  syntax_jacc_avg : 0.611607142857143,
  semantic_jacc_avg : 0.03708791208791209,
  x_syntax_jacc_avg   : 0.6295882936507937,
  x_semantic_jacc_avg : 0.05113476800976802

iteration : 1,
  seconds_elapsed : 0:00:03.554046,
  acl_jacc_val : 0.0007737371504366088,
  gt_acl : 15858,
  llm_acl : 2250,
  intersection : 14,
  under_perm : 15844,
  over_perm : 2236,
  syntax_jacc_avg : 0.0,
  semantic_jacc_avg : 0
  x_syntax_jacc_avg   : 0.0,
  x_semantic_jacc_avg : 0.0

iteration : 2,
  seconds_elapsed : 0:00:03.163800,
  acl_jacc_val : 0.0007737371504366088,
  gt_acl : 15858,
  llm_acl : 2250,
  intersection : 14,
  under_perm : 15844,
  over_perm : 2236,
  syntax_jacc_avg : 0.0,
  semantic_jacc_avg : 0
  x_syntax_jacc_avg   : 0.0,
  x_semantic_jacc_avg : 0.0