# org : workforce, LLM : openai_gpt5, num_ctx : 0

iteration : 0,
  seconds_elapsed : 0:04:08.302860,
  acl_jacc_val : 0.543010752688172,
  gt_acl : 15858,
  llm_acl : 16860,
  intersection : 11514,
  under_perm : 4344,
  over_perm : 5346,
  syntax_jacc_avg : 0.6904761904761905,
  semantic_jacc_avg : 0.21451727181984764,
  x_syntax_jacc_avg   : 0.7237103174603174,
  x_semantic_jacc_avg : 0.27298392061730825

iteration : 1,
  seconds_elapsed : 0:00:02.381719,
  acl_jacc_val : 0.543010752688172,
  gt_acl : 15858,
  llm_acl : 16860,
  intersection : 11514,
  under_perm : 4344,
  over_perm : 5346,
  syntax_jacc_avg : 0.0,
  semantic_jacc_avg : 0
  x_syntax_jacc_avg   : 0.0,
  x_semantic_jacc_avg : 0.0

iteration : 2,
  seconds_elapsed : 0:00:10.936416,
  acl_jacc_val : 0.543010752688172,
  gt_acl : 15858,
  llm_acl : 16860,
  intersection : 11514,
  under_perm : 4344,
  over_perm : 5346,
  syntax_jacc_avg : 0.0,
  semantic_jacc_avg : 0
  x_syntax_jacc_avg   : 0.0,
  x_semantic_jacc_avg : 0.0