# org : university, LLM : deepseek_r1_70b, num_ctx : 131072

iteration : 0,
  seconds_elapsed : 0:06:45.162381,
  acl_jacc_val : 0.18518518518518517,
  gt_acl : 168,
  llm_acl : 728,
  intersection : 140,
  under_perm : 28,
  over_perm : 588,
  syntax_jacc_avg : 0.4458333333333333,
  semantic_jacc_avg : 0.1774824355971897,
  x_syntax_jacc_avg   : 0.5435467479674796,
  x_semantic_jacc_avg : 0.1535508537897582

iteration : 1,
  seconds_elapsed : 0:12:15.305255,
  acl_jacc_val : 0.18518518518518517,
  gt_acl : 168,
  llm_acl : 728,
  intersection : 140,
  under_perm : 28,
  over_perm : 588,
  syntax_jacc_avg : 0.0,
  semantic_jacc_avg : 0
  x_syntax_jacc_avg   : 0.0,
  x_semantic_jacc_avg : 0.0

iteration : 2,
  seconds_elapsed : 0:04:31.896737,
  acl_jacc_val : 0.18518518518518517,
  gt_acl : 168,
  llm_acl : 728,
  intersection : 140,
  under_perm : 28,
  over_perm : 588,
  syntax_jacc_avg : 0.29861111111111105,
  semantic_jacc_avg : 0.0
  x_syntax_jacc_avg   : 0.42013888888888884,
  x_semantic_jacc_avg : 0.0