# org : project-management, LLM : gpt_oss_120b, num_ctx : 131072

iteration : 0,
  seconds_elapsed : 0:01:38.927235,
  acl_jacc_val : 0.42857142857142855,
  gt_acl : 101,
  llm_acl : 49,
  intersection : 45,
  under_perm : 56,
  over_perm : 4,
  syntax_jacc_avg : 0.9083333333333334,
  semantic_jacc_avg : 0,
  x_syntax_jacc_avg   : 0.9229166666666667,
  x_semantic_jacc_avg : 0.0