# org : university, LLM : openai_gpt5, num_ctx : 0

iteration : 0,
  seconds_elapsed : 0:04:15.251229,
  acl_jacc_val : 1.0,
  gt_acl : 168,
  llm_acl : 168,
  intersection : 168,
  under_perm : 0,
  over_perm : 0,
  syntax_jacc_avg : 0.8125,
  semantic_jacc_avg : 0.9099999999999999,
  x_syntax_jacc_avg   : 0.8041666666666666,
  x_semantic_jacc_avg : 0.9099999999999999

iteration : 1,
  seconds_elapsed : 0:01:24.115023,
  acl_jacc_val : 1.0,
  gt_acl : 168,
  llm_acl : 168,
  intersection : 168,
  under_perm : 0,
  over_perm : 0,
  syntax_jacc_avg : 0.8125,
  semantic_jacc_avg : 0.9099999999999999
  x_syntax_jacc_avg   : 0.8041666666666666,
  x_semantic_jacc_avg : 0.9099999999999999

iteration : 2,
  seconds_elapsed : 0:01:07.251681,
  acl_jacc_val : 1.0,
  gt_acl : 168,
  llm_acl : 168,
  intersection : 168,
  under_perm : 0,
  over_perm : 0,
  syntax_jacc_avg : 0.8125,
  semantic_jacc_avg : 0.9099999999999999
  x_syntax_jacc_avg   : 0.8041666666666666,
  x_semantic_jacc_avg : 0.9099999999999999