# org : healthcare, LLM : gpt_oss_120b, num_ctx : 131072

iteration : 0,
  seconds_elapsed : 0:02:46.256800,
  acl_jacc_val : 0.1276595744680851,
  gt_acl : 43,
  llm_acl : 10,
  intersection : 6,
  under_perm : 37,
  over_perm : 4,
  syntax_jacc_avg : 0.6736111111111112,
  semantic_jacc_avg : 0.041666666666666664,
  x_syntax_jacc_avg   : 0.6261574074074074,
  x_semantic_jacc_avg : 0.04398148148148148

iteration : 1,
  seconds_elapsed : 0:02:09.902063,
  acl_jacc_val : 0.13953488372093023,
  gt_acl : 43,
  llm_acl : 6,
  intersection : 6,
  under_perm : 37,
  over_perm : 0,
  syntax_jacc_avg : 0.6666666666666666,
  semantic_jacc_avg : 0.05555555555555555
  x_syntax_jacc_avg   : 0.6226851851851851,
  x_semantic_jacc_avg : 0.05555555555555555

iteration : 2,
  seconds_elapsed : 0:02:01.330789,
  acl_jacc_val : 0.13953488372093023,
  gt_acl : 43,
  llm_acl : 6,
  intersection : 6,
  under_perm : 37,
  over_perm : 0,
  syntax_jacc_avg : 0.6666666666666666,
  semantic_jacc_avg : 0.05555555555555555
  x_syntax_jacc_avg   : 0.6157407407407407,
  x_semantic_jacc_avg : 0.05555555555555555