# org : healthcare, LLM : gemini_2_5_flash

iteration : 0,
  seconds_elapsed : 0:00:03.243675,
  acl_jacc_val : 0.18604651162790697,
  gt_acl : 43,
  llm_acl : 8,
  intersection : 8,
  under_perm : 35,
  over_perm : 0,
  syntax_jacc_avg : 0.5833333333333334,
  semantic_jacc_avg : 0.07142857142857142,

iteration : 1,
  seconds_elapsed : 0:00:02.831484,
  acl_jacc_val : 0.0,
  gt_acl : 43,
  llm_acl : 0,
  intersection : 0,
  under_perm : 43,
  over_perm : 0,
  syntax_jacc_avg : 0.3229166666666667,
  semantic_jacc_avg : 0.0