# org : project-management, LLM : llama3_3_70b, num_ctx : 131072

iteration : 0,
  seconds_elapsed : 0:03:34.108272,
  syntax_jacc_avg : 0.3583333333333333,
  semantic_jacc_avg : 0,
  x_syntax_jacc_avg   : 0.35370370370370374,
  x_semantic_jacc_avg : 0.0