# org : project-management, LLM : gpt_oss_120b, num_ctx : 131072

iteration : 0,
  seconds_elapsed : 0:01:51.046110,
  acl_jacc_val : 0.7876106194690266,
  gt_acl : 101,
  llm_acl : 101,
  intersection : 89,
  under_perm : 12,
  over_perm : 12,
  syntax_jacc_avg : 0.875,
  semantic_jacc_avg : 0.6333333333333334,
  x_syntax_jacc_avg   : 0.9114583333333333,
  x_semantic_jacc_avg : 0.6708333333333334

iteration : 1,
  seconds_elapsed : 0:01:27.080113,
  acl_jacc_val : 0.5247524752475248,
  gt_acl : 101,
  llm_acl : 53,
  intersection : 53,
  under_perm : 48,
  over_perm : 0,
  syntax_jacc_avg : 0.8833333333333334,
  semantic_jacc_avg : 0.6
  x_syntax_jacc_avg   : 0.875,
  x_semantic_jacc_avg : 0.6

iteration : 2,
  seconds_elapsed : 0:01:16.858703,
  acl_jacc_val : 0.5247524752475248,
  gt_acl : 101,
  llm_acl : 53,
  intersection : 53,
  under_perm : 48,
  over_perm : 0,
  syntax_jacc_avg : 0.875,
  semantic_jacc_avg : 0.5
  x_syntax_jacc_avg   : 0.8645833333333333,
  x_semantic_jacc_avg : 0.47916666666666663