# org : project-management, LLM : llama3_3_70b, num_ctx : 131072

iteration : 0,
  seconds_elapsed : 0:03:33.774123,
  acl_jacc_val : 0.0391025641025641,
  gt_acl : 101,
  llm_acl : 1520,
  intersection : 61,
  under_perm : 40,
  over_perm : 1459,
  syntax_jacc_avg : 0.125,
  semantic_jacc_avg : 0.016909703382166755,
  x_syntax_jacc_avg   : 0.16145833333333331,
  x_semantic_jacc_avg : 0.020219288825586303

iteration : 1,
  seconds_elapsed : 0:12:26.237787,
  acl_jacc_val : 0.0391025641025641,
  gt_acl : 101,
  llm_acl : 1520,
  intersection : 61,
  under_perm : 40,
  over_perm : 1459,
  syntax_jacc_avg : 0.125,
  semantic_jacc_avg : 0.016909703382166755
  x_syntax_jacc_avg   : 0.16517857142857142,
  x_semantic_jacc_avg : 0.02088827900937912

iteration : 2,
  seconds_elapsed : 0:06:28.461467,
  acl_jacc_val : 0.0391025641025641,
  gt_acl : 101,
  llm_acl : 1520,
  intersection : 61,
  under_perm : 40,
  over_perm : 1459,
  syntax_jacc_avg : 0.125,
  semantic_jacc_avg : 0.016909703382166755
  x_syntax_jacc_avg   : 0.16517857142857142,
  x_semantic_jacc_avg : 0.02088827900937912