# org : healthcare, LLM : deepseek_r1_70b, num_ctx : 131072

iteration : 0,
  seconds_elapsed : 0:10:56.080250,
  acl_jacc_val : 0.02582496413199426,
  gt_acl : 43,
  llm_acl : 672,
  intersection : 18,
  under_perm : 25,
  over_perm : 654,
  syntax_jacc_avg : 0.2222222222222222,
  semantic_jacc_avg : 0.046693121693121696,
  x_syntax_jacc_avg   : 0.2361111111111111,
  x_semantic_jacc_avg : 0.06262617012617012

iteration : 1,
  seconds_elapsed : 0:07:27.407945,
  acl_jacc_val : 0.021052631578947368,
  gt_acl : 43,
  llm_acl : 1024,
  intersection : 22,
  under_perm : 21,
  over_perm : 1002,
  syntax_jacc_avg : 0.35648148148148145,
  semantic_jacc_avg : 0.08835978835978836
  x_syntax_jacc_avg   : 0.3501157407407407,
  x_semantic_jacc_avg : 0.08435464997964998

iteration : 2,
  seconds_elapsed : 0:08:43.513802,
  acl_jacc_val : 0.0,
  gt_acl : 43,
  llm_acl : 100,
  intersection : 0,
  under_perm : 43,
  over_perm : 100,
  syntax_jacc_avg : 0.14583333333333334,
  semantic_jacc_avg : 0.0
  x_syntax_jacc_avg   : 0.19791666666666669,
  x_semantic_jacc_avg : 0.0