# org : project-management, LLM : gpt_oss_120b, num_ctx : 131072

iteration : 0,
  seconds_elapsed : 0:02:08.034746,
  acl_jacc_val : 0.32673267326732675,
  gt_acl : 101,
  llm_acl : 33,
  intersection : 33,
  under_perm : 68,
  over_perm : 0,
  syntax_jacc_avg : 0.825,
  semantic_jacc_avg : 0.3,
  x_syntax_jacc_avg   : 0.8118055555555554,
  x_semantic_jacc_avg : 0.275

iteration : 1,
  seconds_elapsed : 0:01:11.001200,
  acl_jacc_val : 0.36633663366336633,
  gt_acl : 101,
  llm_acl : 37,
  intersection : 37,
  under_perm : 64,
  over_perm : 0,
  syntax_jacc_avg : 0.825,
  semantic_jacc_avg : 0.3
  x_syntax_jacc_avg   : 0.8142857142857143,
  x_semantic_jacc_avg : 0.275

iteration : 2,
  seconds_elapsed : 0:01:23.982291,
  acl_jacc_val : 0.36633663366336633,
  gt_acl : 101,
  llm_acl : 37,
  intersection : 37,
  under_perm : 64,
  over_perm : 0,
  syntax_jacc_avg : 0.825,
  semantic_jacc_avg : 0.3
  x_syntax_jacc_avg   : 0.8142857142857143,
  x_semantic_jacc_avg : 0.275