# org : university, LLM : deepseek_r1_70b, num_ctx : 131072

iteration : 0,
  seconds_elapsed : 0:06:00.795760,
  acl_jacc_val : 0.0,
  gt_acl : 168,
  llm_acl : 0,
  intersection : 0,
  under_perm : 168,
  over_perm : 0,
  syntax_jacc_avg : 0.0,
  semantic_jacc_avg : 0,
  x_syntax_jacc_avg   : 0.0,
  x_semantic_jacc_avg : 0.0

iteration : 1,
  seconds_elapsed : 0:06:39.384428,
  acl_jacc_val : 0.019230769230769232,
  gt_acl : 168,
  llm_acl : 44,
  intersection : 4,
  under_perm : 164,
  over_perm : 40,
  syntax_jacc_avg : 0.1875,
  semantic_jacc_avg : 0.016666666666666666
  x_syntax_jacc_avg   : 0.19375,
  x_semantic_jacc_avg : 0.025

iteration : 2,
  seconds_elapsed : 0:03:23.140440,
  acl_jacc_val : 0.0196078431372549,
  gt_acl : 168,
  llm_acl : 40,
  intersection : 4,
  under_perm : 164,
  over_perm : 36,
  syntax_jacc_avg : 0.1875,
  semantic_jacc_avg : 0.00909090909090909
  x_syntax_jacc_avg   : 0.2109375,
  x_semantic_jacc_avg : 0.015909090909090907