# org : edocument, LLM : gemini_2_5_flash

iteration : 0,
  seconds_elapsed : 23.492258,
  acl_jacc_val : 0.0,
  gt_acl : 32961,
  llm_acl : 2486300,
  intersection : 0,
  under_perm : 32961,
  over_perm : 2486300,
  syntax_jacc_avg : 0.28698979591836726,
  semantic_jacc_avg : 0.0,