# org : healthcare, LLM : gpt_oss_20b, num_ctx : 131072

iteration : 0,
  seconds_elapsed : 0:04:34.519298,
  acl_jacc_val : 0.3228346456692913,
  gt_acl : 43,
  llm_acl : 125,
  intersection : 41,
  under_perm : 2,
  over_perm : 84,
  syntax_jacc_avg : 0.513888888888889,
  semantic_jacc_avg : 0.3819444444444444,
  x_syntax_jacc_avg   : 0.4791666666666667,
  x_semantic_jacc_avg : 0.34804894179894175

iteration : 1,
  seconds_elapsed : 0:04:25.578887,
  acl_jacc_val : 0.24074074074074073,
  gt_acl : 43,
  llm_acl : 91,
  intersection : 26,
  under_perm : 17,
  over_perm : 65,
  syntax_jacc_avg : 0.4791666666666666,
  semantic_jacc_avg : 0.22685185185185183
  x_syntax_jacc_avg   : 0.4247685185185185,
  x_semantic_jacc_avg : 0.18904320987654322

iteration : 2,
  seconds_elapsed : 0:02:11.325391,
  acl_jacc_val : 0.2653061224489796,
  gt_acl : 43,
  llm_acl : 143,
  intersection : 39,
  under_perm : 4,
  over_perm : 104,
  syntax_jacc_avg : 0.4791666666666666,
  semantic_jacc_avg : 0.3101851851851852
  x_syntax_jacc_avg   : 0.43865740740740733,
  x_semantic_jacc_avg : 0.25848765432098764