# org : project-management, LLM : claude_opus_4_1, num_ctx : 0

iteration : 0,
  seconds_elapsed : 0:00:15.651233,
  acl_jacc_val : 0.8476190476190476,
  gt_acl : 101,
  llm_acl : 93,
  intersection : 89,
  under_perm : 12,
  over_perm : 4,
  syntax_jacc_avg : 0.9083333333333334,
  semantic_jacc_avg : 0.6216216216216216,
  x_syntax_jacc_avg   : 0.8453703703703704,
  x_semantic_jacc_avg : 0.5041441441441441

iteration : 1,
  seconds_elapsed : 0:00:09.190420,
  acl_jacc_val : 0.8476190476190476,
  gt_acl : 101,
  llm_acl : 93,
  intersection : 89,
  under_perm : 12,
  over_perm : 4,
  syntax_jacc_avg : 0.9083333333333334,
  semantic_jacc_avg : 0.6216216216216216
  x_syntax_jacc_avg   : 0.8638888888888889,
  x_semantic_jacc_avg : 0.518033033033033

iteration : 2,
  seconds_elapsed : 0:00:09.794046,
  acl_jacc_val : 0.9619047619047619,
  gt_acl : 101,
  llm_acl : 105,
  intersection : 101,
  under_perm : 0,
  over_perm : 4,
  syntax_jacc_avg : 0.9583333333333334,
  semantic_jacc_avg : 0.8
  x_syntax_jacc_avg   : 0.9166666666666667,
  x_semantic_jacc_avg : 0.6627777777777778