# org : healthcare, LLM : gpt_oss_120b

iteration : 0,
  seconds_elapsed : 0:01:43.147905,
  syntax_jacc_avg : 0.027777777777777776,
  semantic_jacc_avg : 0.0,
  x_syntax_jacc_avg   : 0.04722222222222222,
  x_semantic_jacc_avg : 0.0