# org : healthcare, LLM : deepseek_r1_70b, num_ctx : 131072

iteration : 0,
  seconds_elapsed : 0:04:58.288985,
  acl_jacc_val : 0.0215633423180593,
  gt_acl : 43,
  llm_acl : 336,
  intersection : 8,
  under_perm : 35,
  over_perm : 328,
  syntax_jacc_avg : 0.25,
  semantic_jacc_avg : 0.003968253968253968,
  x_syntax_jacc_avg   : 0.25,
  x_semantic_jacc_avg : 0.003968253968253968

iteration : 1,
  seconds_elapsed : 0:04:49.838874,
  acl_jacc_val : 0.0215633423180593,
  gt_acl : 43,
  llm_acl : 336,
  intersection : 8,
  under_perm : 35,
  over_perm : 328,
  syntax_jacc_avg : 0.25,
  semantic_jacc_avg : 0.003968253968253968
  x_syntax_jacc_avg   : 0.25,
  x_semantic_jacc_avg : 0.003968253968253968

iteration : 2,
  seconds_elapsed : 0:02:49.627020,
  acl_jacc_val : 0.0215633423180593,
  gt_acl : 43,
  llm_acl : 336,
  intersection : 8,
  under_perm : 35,
  over_perm : 328,
  syntax_jacc_avg : 0.25,
  semantic_jacc_avg : 0.003968253968253968
  x_syntax_jacc_avg   : 0.25,
  x_semantic_jacc_avg : 0.003968253968253968