# org : university, LLM : claude_sonnet_4, num_ctx : 0

iteration : 0,
  seconds_elapsed : 0:01:39.397082,
  acl_jacc_val : 0.7976190476190477,
  gt_acl : 168,
  llm_acl : 134,
  intersection : 134,
  under_perm : 34,
  over_perm : 0,
  syntax_jacc_avg : 0.7666666666666667,
  semantic_jacc_avg : 0.6619047619047619,
  x_syntax_jacc_avg   : 0.7412878787878787,
  x_semantic_jacc_avg : 0.6264069264069264

iteration : 1,
  seconds_elapsed : 0:01:36.373806,
  acl_jacc_val : 0.7976190476190477,
  gt_acl : 168,
  llm_acl : 134,
  intersection : 134,
  under_perm : 34,
  over_perm : 0,
  syntax_jacc_avg : 0.7666666666666667,
  semantic_jacc_avg : 0.6619047619047619
  x_syntax_jacc_avg   : 0.7412878787878787,
  x_semantic_jacc_avg : 0.6264069264069264

iteration : 2,
  seconds_elapsed : 0:01:33.845795,
  acl_jacc_val : 0.7976190476190477,
  gt_acl : 168,
  llm_acl : 134,
  intersection : 134,
  under_perm : 34,
  over_perm : 0,
  syntax_jacc_avg : 0.7666666666666667,
  semantic_jacc_avg : 0.6619047619047619
  x_syntax_jacc_avg   : 0.7412878787878787,
  x_semantic_jacc_avg : 0.6264069264069264