# org : project-management, LLM : claude_sonnet_4, num_ctx : 0

iteration : 0,
  seconds_elapsed : 0:00:07.568675,
  acl_jacc_val : 0.24573378839590443,
  gt_acl : 101,
  llm_acl : 264,
  intersection : 72,
  under_perm : 29,
  over_perm : 192,
  syntax_jacc_avg : 0.6666666666666666,
  semantic_jacc_avg : 0.22866666666666666,
  x_syntax_jacc_avg   : 0.65625,
  x_semantic_jacc_avg : 0.19190421455938694

iteration : 1,
  seconds_elapsed : 0:00:04.698167,
  acl_jacc_val : 0.22456140350877193,
  gt_acl : 101,
  llm_acl : 248,
  intersection : 64,
  under_perm : 37,
  over_perm : 184,
  syntax_jacc_avg : 0.6916666666666667,
  semantic_jacc_avg : 0.18066666666666667
  x_syntax_jacc_avg   : 0.6745370370370369,
  x_semantic_jacc_avg : 0.15829629629629627

iteration : 2,
  seconds_elapsed : 0:00:08.604792,
  acl_jacc_val : 0.717948717948718,
  gt_acl : 101,
  llm_acl : 100,
  intersection : 84,
  under_perm : 17,
  over_perm : 16,
  syntax_jacc_avg : 0.7055555555555555,
  semantic_jacc_avg : 0.2653333333333333
  x_syntax_jacc_avg   : 0.7188492063492062,
  x_semantic_jacc_avg : 0.2386190476190476