# org : healthcare, LLM : claude_sonnet_4, num_ctx : 0

iteration : 0,
  seconds_elapsed : 0:01:40.183282,
  acl_jacc_val : 0.6727272727272727,
  gt_acl : 43,
  llm_acl : 49,
  intersection : 37,
  under_perm : 6,
  over_perm : 12,
  syntax_jacc_avg : 0.7083333333333334,
  semantic_jacc_avg : 0.6284722222222222,
  x_syntax_jacc_avg   : 0.662037037037037,
  x_semantic_jacc_avg : 0.5455522486772486

iteration : 1,
  seconds_elapsed : 0:01:33.801580,
  acl_jacc_val : 0.6727272727272727,
  gt_acl : 43,
  llm_acl : 49,
  intersection : 37,
  under_perm : 6,
  over_perm : 12,
  syntax_jacc_avg : 0.7222222222222223,
  semantic_jacc_avg : 0.6284722222222222
  x_syntax_jacc_avg   : 0.6782407407407407,
  x_semantic_jacc_avg : 0.5455522486772486

iteration : 2,
  seconds_elapsed : 0:01:34.091759,
  acl_jacc_val : 0.6727272727272727,
  gt_acl : 43,
  llm_acl : 49,
  intersection : 37,
  under_perm : 6,
  over_perm : 12,
  syntax_jacc_avg : 0.7222222222222223,
  semantic_jacc_avg : 0.6284722222222222
  x_syntax_jacc_avg   : 0.6944444444444444,
  x_semantic_jacc_avg : 0.5455522486772486