# org : project-management, LLM : gpt_5

iteration : 0,
  seconds_elapsed : 269.144138,
  acl_jacc_val : 1.0,
  gt_acl : 101,
  llm_acl : 101,
  intersection : 101,
  under_perm : 0,
  over_perm : 0,
  syntax_jacc_avg : 0.9097222222222223,
  semantic_jacc_avg : 0.7083333333333334,