# org : project-management, LLM : gpt_5

iteration : 0,
  seconds_elapsed : 1.364413,
  acl_jacc_val : 0.416,
  gt_acl : 101,
  llm_acl : 76,
  intersection : 52,
  under_perm : 49,
  over_perm : 24,
  syntax_jacc_avg : 0.8511904761904762,
  semantic_jacc_avg : 0.4004081632653061,

iteration : 1,
  seconds_elapsed : 0.786316,
  acl_jacc_val : 0.416,
  gt_acl : 101,
  llm_acl : 76,
  intersection : 52,
  under_perm : 49,
  over_perm : 24,
  syntax_jacc_avg : 0.8511904761904762,
  semantic_jacc_avg : 0.4004081632653061