# org : university, LLM : claude_opus_4_1, num_ctx : 0

iteration : 0,
  seconds_elapsed : 0:00:14.477874,
  acl_jacc_val : 0.9404761904761905,
  gt_acl : 168,
  llm_acl : 158,
  intersection : 158,
  under_perm : 10,
  over_perm : 0,
  syntax_jacc_avg : 0.8291666666666668,
  semantic_jacc_avg : 0.7933333333333332,
  x_syntax_jacc_avg   : 0.8179924242424244,
  x_semantic_jacc_avg : 0.7648484848484848

iteration : 1,
  seconds_elapsed : 0:00:14.109728,
  acl_jacc_val : 1.0,
  gt_acl : 168,
  llm_acl : 168,
  intersection : 168,
  under_perm : 0,
  over_perm : 0,
  syntax_jacc_avg : 0.8375,
  semantic_jacc_avg : 0.8933333333333333
  x_syntax_jacc_avg   : 0.8302083333333333,
  x_semantic_jacc_avg : 0.8258333333333333