# org : university, LLM : gpt_oss_120b, num_ctx : 131072

iteration : 0,
  seconds_elapsed : 0:02:25.848455,
  acl_jacc_val : 0.06741573033707865,
  gt_acl : 168,
  llm_acl : 22,
  intersection : 12,
  under_perm : 156,
  over_perm : 10,
  syntax_jacc_avg : 0.3583333333333333,
  semantic_jacc_avg : 0.045454545454545456,
  x_syntax_jacc_avg   : 0.3666666666666666,
  x_semantic_jacc_avg : 0.05378787878787879

iteration : 1,
  seconds_elapsed : 0:01:20.760398,
  acl_jacc_val : 0.39814814814814814,
  gt_acl : 168,
  llm_acl : 134,
  intersection : 86,
  under_perm : 82,
  over_perm : 48,
  syntax_jacc_avg : 0.7333333333333333,
  semantic_jacc_avg : 0.4624999999999999
  x_syntax_jacc_avg   : 0.709469696969697,
  x_semantic_jacc_avg : 0.44905303030303023

iteration : 2,
  seconds_elapsed : 0:01:33.647436,
  acl_jacc_val : 0.4479166666666667,
  gt_acl : 168,
  llm_acl : 110,
  intersection : 86,
  under_perm : 82,
  over_perm : 24,
  syntax_jacc_avg : 0.7208333333333333,
  semantic_jacc_avg : 0.47916666666666663
  x_syntax_jacc_avg   : 0.6975378787878788,
  x_semantic_jacc_avg : 0.4649621212121212