# org : workforce, LLM : claude_sonnet_4, num_ctx : 0

iteration : 0,
  seconds_elapsed : 0:01:42.696190,
  acl_jacc_val : 0.015113208607225126,
  gt_acl : 15858,
  llm_acl : 2210,
  intersection : 269,
  under_perm : 15589,
  over_perm : 1941,
  syntax_jacc_avg : 0.6607142857142859,
  semantic_jacc_avg : 0.05110504201680672,
  x_syntax_jacc_avg   : 0.6804728835978837,
  x_semantic_jacc_avg : 0.06530088702147525

iteration : 1,
  seconds_elapsed : 0:01:33.150693,
  acl_jacc_val : 0.015113208607225126,
  gt_acl : 15858,
  llm_acl : 2210,
  intersection : 269,
  under_perm : 15589,
  over_perm : 1941,
  syntax_jacc_avg : 0.0,
  semantic_jacc_avg : 0
  x_syntax_jacc_avg   : 0.0,
  x_semantic_jacc_avg : 0.0

iteration : 2,
  seconds_elapsed : 0:01:32.971183,
  acl_jacc_val : 0.015113208607225126,
  gt_acl : 15858,
  llm_acl : 2210,
  intersection : 269,
  under_perm : 15589,
  over_perm : 1941,
  syntax_jacc_avg : 0.0,
  semantic_jacc_avg : 0
  x_syntax_jacc_avg   : 0.0,
  x_semantic_jacc_avg : 0.0