# org : project-management, LLM : claude_opus_4_1, num_ctx : 0

iteration : 0,
  seconds_elapsed : 0:00:19.146325,
  acl_jacc_val : 0.10619469026548672,
  gt_acl : 101,
  llm_acl : 24,
  intersection : 12,
  under_perm : 89,
  over_perm : 12,
  syntax_jacc_avg : 0.42777777777777787,
  semantic_jacc_avg : 0.027586206896551724,
  x_syntax_jacc_avg   : 0.4552083333333334,
  x_semantic_jacc_avg : 0.03103448275862069

iteration : 1,
  seconds_elapsed : 0:00:08.809711,
  acl_jacc_val : 0.0,
  gt_acl : 101,
  llm_acl : 0,
  intersection : 0,
  under_perm : 101,
  over_perm : 0,
  syntax_jacc_avg : 0.43611111111111106,
  semantic_jacc_avg : 0
  x_syntax_jacc_avg   : 0.4618055555555555,
  x_semantic_jacc_avg : 0.0

iteration : 2,
  seconds_elapsed : 0:00:14.333068,
  acl_jacc_val : 0.10619469026548672,
  gt_acl : 101,
  llm_acl : 24,
  intersection : 12,
  under_perm : 89,
  over_perm : 12,
  syntax_jacc_avg : 0.475,
  semantic_jacc_avg : 0.027586206896551724
  x_syntax_jacc_avg   : 0.4796875,
  x_semantic_jacc_avg : 0.0396551724137931