# org : healthcare, LLM : claude_opus_4_1, num_ctx : 0

iteration : 0,
  seconds_elapsed : 0:00:12.364956,
  acl_jacc_val : 0.5581395348837209,
  gt_acl : 43,
  llm_acl : 24,
  intersection : 24,
  under_perm : 19,
  over_perm : 0,
  syntax_jacc_avg : 0.7222222222222223,
  semantic_jacc_avg : 0.5092592592592592,
  x_syntax_jacc_avg   : 0.6712962962962963,
  x_semantic_jacc_avg : 0.4212962962962963

iteration : 1,
  seconds_elapsed : 0:00:08.433428,
  acl_jacc_val : 0.5581395348837209,
  gt_acl : 43,
  llm_acl : 24,
  intersection : 24,
  under_perm : 19,
  over_perm : 0,
  syntax_jacc_avg : 0.7222222222222223,
  semantic_jacc_avg : 0.5092592592592592
  x_syntax_jacc_avg   : 0.6712962962962963,
  x_semantic_jacc_avg : 0.4212962962962963

iteration : 2,
  seconds_elapsed : 0:00:10.868142,
  acl_jacc_val : 0.5581395348837209,
  gt_acl : 43,
  llm_acl : 24,
  intersection : 24,
  under_perm : 19,
  over_perm : 0,
  syntax_jacc_avg : 0.7222222222222223,
  semantic_jacc_avg : 0.5092592592592592
  x_syntax_jacc_avg   : 0.6782407407407407,
  x_semantic_jacc_avg : 0.4212962962962963