# org : workforce, LLM : claude_sonnet_4, num_ctx : 0

iteration : 0,
  seconds_elapsed : 0:00:23.768893,
  acl_jacc_val : 0.0305097358303361,
  gt_acl : 15858,
  llm_acl : 760,
  intersection : 492,
  under_perm : 15366,
  over_perm : 268,
  syntax_jacc_avg : 0.6106150793650796,
  semantic_jacc_avg : 0.08408163265306122,
  x_syntax_jacc_avg   : 0.642774470899471,
  x_semantic_jacc_avg : 0.10251700680272108

iteration : 1,
  seconds_elapsed : 0:00:03.114716,
  acl_jacc_val : 0.0305097358303361,
  gt_acl : 15858,
  llm_acl : 760,
  intersection : 492,
  under_perm : 15366,
  over_perm : 268,
  syntax_jacc_avg : 0.0,
  semantic_jacc_avg : 0
  x_syntax_jacc_avg   : 0.0,
  x_semantic_jacc_avg : 0.0

iteration : 2,
  seconds_elapsed : 0:00:03.375300,
  acl_jacc_val : 0.0305097358303361,
  gt_acl : 15858,
  llm_acl : 760,
  intersection : 492,
  under_perm : 15366,
  over_perm : 268,
  syntax_jacc_avg : 0.0,
  semantic_jacc_avg : 0
  x_syntax_jacc_avg   : 0.0,
  x_semantic_jacc_avg : 0.0