# org : university, LLM : deepseek_r1_70b, num_ctx : 131072

iteration : 0,
  seconds_elapsed : 0:04:53.916258,
  acl_jacc_val : 0.0,
  gt_acl : 168,
  llm_acl : 0,
  intersection : 0,
  under_perm : 168,
  over_perm : 0,
  syntax_jacc_avg : 0.23333333333333334,
  semantic_jacc_avg : 0,
  x_syntax_jacc_avg   : 0.2881410256410256,
  x_semantic_jacc_avg : 0.0

iteration : 1,
  seconds_elapsed : 0:07:06.232673,
  acl_jacc_val : 0.0,
  gt_acl : 168,
  llm_acl : 0,
  intersection : 0,
  under_perm : 168,
  over_perm : 0,
  syntax_jacc_avg : 0.23333333333333334,
  semantic_jacc_avg : 0
  x_syntax_jacc_avg   : 0.2881410256410256,
  x_semantic_jacc_avg : 0.0

iteration : 2,
  seconds_elapsed : 0:05:57.254998,
  acl_jacc_val : 0.0,
  gt_acl : 168,
  llm_acl : 0,
  intersection : 0,
  under_perm : 168,
  over_perm : 0,
  syntax_jacc_avg : 0.34305555555555556,
  semantic_jacc_avg : 0
  x_syntax_jacc_avg   : 0.41907679738562087,
  x_semantic_jacc_avg : 0.0