# org : workforce, LLM : openai_gpt5, num_ctx : 0

iteration : 0,
  seconds_elapsed : 0:04:28.859581,
  acl_jacc_val : 0.6266591129815474,
  gt_acl : 15858,
  llm_acl : 24340,
  intersection : 15486,
  under_perm : 372,
  over_perm : 8854,
  syntax_jacc_avg : 0.7142857142857142,
  semantic_jacc_avg : 0.2235708861618077,
  x_syntax_jacc_avg   : 0.7633928571428571,
  x_semantic_jacc_avg : 0.29268154350825426

iteration : 1,
  seconds_elapsed : 0:01:36.631537,
  acl_jacc_val : 0.6266591129815474,
  gt_acl : 15858,
  llm_acl : 24340,
  intersection : 15486,
  under_perm : 372,
  over_perm : 8854,
  syntax_jacc_avg : 0.0,
  semantic_jacc_avg : 0
  x_syntax_jacc_avg   : 0.0,
  x_semantic_jacc_avg : 0.0

iteration : 2,
  seconds_elapsed : 0:01:37.724113,
  acl_jacc_val : 0.6266591129815474,
  gt_acl : 15858,
  llm_acl : 24340,
  intersection : 15486,
  under_perm : 372,
  over_perm : 8854,
  syntax_jacc_avg : 0.0,
  semantic_jacc_avg : 0
  x_syntax_jacc_avg   : 0.0,
  x_semantic_jacc_avg : 0.0