# org : university, LLM : claude_sonnet_4, num_ctx : 0

iteration : 0,
  seconds_elapsed : 0:00:08.468744,
  acl_jacc_val : 0.75,
  gt_acl : 168,
  llm_acl : 126,
  intersection : 126,
  under_perm : 42,
  over_perm : 0,
  syntax_jacc_avg : 0.7125000000000001,
  semantic_jacc_avg : 0.5833333333333333,
  x_syntax_jacc_avg   : 0.7028409090909091,
  x_semantic_jacc_avg : 0.5643939393939393

iteration : 1,
  seconds_elapsed : 0:00:09.080431,
  acl_jacc_val : 0.75,
  gt_acl : 168,
  llm_acl : 126,
  intersection : 126,
  under_perm : 42,
  over_perm : 0,
  syntax_jacc_avg : 0.7083333333333334,
  semantic_jacc_avg : 0.5833333333333333
  x_syntax_jacc_avg   : 0.6931818181818181,
  x_semantic_jacc_avg : 0.5643939393939393

iteration : 2,
  seconds_elapsed : 0:00:04.385449,
  acl_jacc_val : 0.75,
  gt_acl : 168,
  llm_acl : 126,
  intersection : 126,
  under_perm : 42,
  over_perm : 0,
  syntax_jacc_avg : 0.7083333333333334,
  semantic_jacc_avg : 0.5833333333333333
  x_syntax_jacc_avg   : 0.6931818181818181,
  x_semantic_jacc_avg : 0.5643939393939393