# org : workforce, LLM : openai_gpt5, num_ctx : 0

iteration : 0,
  seconds_elapsed : 0:03:33.440270,
  acl_jacc_val : 0.4240093031577064,
  gt_acl : 15858,
  llm_acl : 15980,
  intersection : 9480,
  under_perm : 6378,
  over_perm : 6500,
  syntax_jacc_avg : 0.5699404761904763,
  semantic_jacc_avg : 0.18092740947543748,
  x_syntax_jacc_avg   : 0.6479510073260074,
  x_semantic_jacc_avg : 0.22734461191470595

iteration : 1,
  seconds_elapsed : 0:00:02.972278,
  acl_jacc_val : 0.4240093031577064,
  gt_acl : 15858,
  llm_acl : 15980,
  intersection : 9480,
  under_perm : 6378,
  over_perm : 6500,
  syntax_jacc_avg : 0.0,
  semantic_jacc_avg : 0
  x_syntax_jacc_avg   : 0.0,
  x_semantic_jacc_avg : 0.0

iteration : 2,
  seconds_elapsed : 0:00:10.813673,
  acl_jacc_val : 0.4240093031577064,
  gt_acl : 15858,
  llm_acl : 15980,
  intersection : 9480,
  under_perm : 6378,
  over_perm : 6500,
  syntax_jacc_avg : 0.0,
  semantic_jacc_avg : 0
  x_syntax_jacc_avg   : 0.0,
  x_semantic_jacc_avg : 0.0