# org : university, LLM : claude_opus_4_1, num_ctx : 0

iteration : 0,
  seconds_elapsed : 0:00:14.509204,
  acl_jacc_val : 0.6785714285714286,
  gt_acl : 168,
  llm_acl : 114,
  intersection : 114,
  under_perm : 54,
  over_perm : 0,
  syntax_jacc_avg : 0.6791666666666667,
  semantic_jacc_avg : 0.4833333333333334,
  x_syntax_jacc_avg   : 0.674810606060606,
  x_semantic_jacc_avg : 0.468939393939394

iteration : 1,
  seconds_elapsed : 0:00:09.309844,
  acl_jacc_val : 0.6785714285714286,
  gt_acl : 168,
  llm_acl : 114,
  intersection : 114,
  under_perm : 54,
  over_perm : 0,
  syntax_jacc_avg : 0.6791666666666667,
  semantic_jacc_avg : 0.4833333333333334
  x_syntax_jacc_avg   : 0.674810606060606,
  x_semantic_jacc_avg : 0.468939393939394

iteration : 2,
  seconds_elapsed : 0:00:09.288262,
  acl_jacc_val : 0.6785714285714286,
  gt_acl : 168,
  llm_acl : 114,
  intersection : 114,
  under_perm : 54,
  over_perm : 0,
  syntax_jacc_avg : 0.6791666666666667,
  semantic_jacc_avg : 0.4833333333333334
  x_syntax_jacc_avg   : 0.674810606060606,
  x_semantic_jacc_avg : 0.468939393939394