# org : healthcare, LLM : gpt_oss_20b, num_ctx : 131072

iteration : 0,
  seconds_elapsed : 0:06:03.661897,
  acl_jacc_val : 0.2204724409448819,
  gt_acl : 43,
  llm_acl : 112,
  intersection : 28,
  under_perm : 15,
  over_perm : 84,
  syntax_jacc_avg : 0.2638888888888889,
  semantic_jacc_avg : 0.1574074074074074,
  x_syntax_jacc_avg   : 0.24861111111111112,
  x_semantic_jacc_avg : 0.12592592592592594

iteration : 1,
  seconds_elapsed : 0:04:56.053746,
  acl_jacc_val : 0.16901408450704225,
  gt_acl : 43,
  llm_acl : 40,
  intersection : 12,
  under_perm : 31,
  over_perm : 28,
  syntax_jacc_avg : 0.2638888888888889,
  semantic_jacc_avg : 0.08333333333333333
  x_syntax_jacc_avg   : 0.2607323232323232,
  x_semantic_jacc_avg : 0.06439393939393939

iteration : 2,
  seconds_elapsed : 0:02:46.169716,
  acl_jacc_val : 0.16901408450704225,
  gt_acl : 43,
  llm_acl : 40,
  intersection : 12,
  under_perm : 31,
  over_perm : 28,
  syntax_jacc_avg : 0.3055555555555555,
  semantic_jacc_avg : 0.08333333333333333
  x_syntax_jacc_avg   : 0.234508547008547,
  x_semantic_jacc_avg : 0.060897435897435896