# org : university, LLM : gpt_oss_120b, num_ctx : 131072

iteration : 0,
  seconds_elapsed : 0:02:28.806603,
  acl_jacc_val : 0.75,
  gt_acl : 168,
  llm_acl : 168,
  intersection : 144,
  under_perm : 24,
  over_perm : 24,
  syntax_jacc_avg : 0.7375,
  semantic_jacc_avg : 0.5599999999999999,
  x_syntax_jacc_avg   : 0.7275462962962963,
  x_semantic_jacc_avg : 0.6003703703703702

iteration : 1,
  seconds_elapsed : 0:01:07.603905,
  acl_jacc_val : 0.0,
  gt_acl : 168,
  llm_acl : 0,
  intersection : 0,
  under_perm : 168,
  over_perm : 0,
  syntax_jacc_avg : 0.6666666666666667,
  semantic_jacc_avg : 0
  x_syntax_jacc_avg   : 0.66875,
  x_semantic_jacc_avg : 0.0

iteration : 2,
  seconds_elapsed : 0:01:00.621693,
  acl_jacc_val : 0.0,
  gt_acl : 168,
  llm_acl : 0,
  intersection : 0,
  under_perm : 168,
  over_perm : 0,
  syntax_jacc_avg : 0.6666666666666667,
  semantic_jacc_avg : 0
  x_syntax_jacc_avg   : 0.66875,
  x_semantic_jacc_avg : 0.0