# org : university, LLM : deepseek_r1_70b, num_ctx : 131072

iteration : 0,
  seconds_elapsed : 0:03:35.962924,
  acl_jacc_val : 0.0,
  gt_acl : 168,
  llm_acl : 0,
  intersection : 0,
  under_perm : 168,
  over_perm : 0,
  syntax_jacc_avg : 0.22638888888888883,
  semantic_jacc_avg : 0,
  x_syntax_jacc_avg   : 0.31111111111111106,
  x_semantic_jacc_avg : 0.0

iteration : 1,
  seconds_elapsed : 0:05:08.989885,
  acl_jacc_val : 0.0,
  gt_acl : 168,
  llm_acl : 0,
  intersection : 0,
  under_perm : 168,
  over_perm : 0,
  syntax_jacc_avg : 0.23000000000000004,
  semantic_jacc_avg : 0
  x_syntax_jacc_avg   : 0.3129166666666667,
  x_semantic_jacc_avg : 0.0

iteration : 2,
  seconds_elapsed : 0:03:59.611788,
  acl_jacc_val : 0.0,
  gt_acl : 168,
  llm_acl : 28,
  intersection : 0,
  under_perm : 168,
  over_perm : 28,
  syntax_jacc_avg : 0.3208333333333333,
  semantic_jacc_avg : 0.0
  x_syntax_jacc_avg   : 0.3921874999999999,
  x_semantic_jacc_avg : 0.0