# org : workforce, LLM : claude_sonnet_4, num_ctx : 0

iteration : 0,
  seconds_elapsed : 0:01:42.405847,
  acl_jacc_val : 0.0531129088990503,
  gt_acl : 15858,
  llm_acl : 5100,
  intersection : 1057,
  under_perm : 14801,
  over_perm : 4043,
  syntax_jacc_avg : 0.6101190476190476,
  semantic_jacc_avg : 0.03890139149125325,
  x_syntax_jacc_avg   : 0.6515376984126984,
  x_semantic_jacc_avg : 0.04456058585551674

iteration : 1,
  seconds_elapsed : 0:01:32.997634,
  acl_jacc_val : 0.0531129088990503,
  gt_acl : 15858,
  llm_acl : 5100,
  intersection : 1057,
  under_perm : 14801,
  over_perm : 4043,
  syntax_jacc_avg : 0.0,
  semantic_jacc_avg : 0
  x_syntax_jacc_avg   : 0.0,
  x_semantic_jacc_avg : 0.0

iteration : 2,
  seconds_elapsed : 0:01:33.209657,
  acl_jacc_val : 0.0531129088990503,
  gt_acl : 15858,
  llm_acl : 5100,
  intersection : 1057,
  under_perm : 14801,
  over_perm : 4043,
  syntax_jacc_avg : 0.0,
  semantic_jacc_avg : 0
  x_syntax_jacc_avg   : 0.0,
  x_semantic_jacc_avg : 0.0