# org : project-management, LLM : openai_gpt5, num_ctx : 0

iteration : 0,
  seconds_elapsed : 0:04:58.399692,
  acl_jacc_val : 0.9900990099009901,
  gt_acl : 101,
  llm_acl : 100,
  intersection : 100,
  under_perm : 1,
  over_perm : 0,
  syntax_jacc_avg : 0.9305555555555556,
  semantic_jacc_avg : 0.8,
  x_syntax_jacc_avg   : 0.9166666666666667,
  x_semantic_jacc_avg : 0.6916666666666667

iteration : 1,
  seconds_elapsed : 0:02:28.724781,
  acl_jacc_val : 1.0,
  gt_acl : 101,
  llm_acl : 101,
  intersection : 101,
  under_perm : 0,
  over_perm : 0,
  syntax_jacc_avg : 0.9305555555555556,
  semantic_jacc_avg : 0.8
  x_syntax_jacc_avg   : 0.9479166666666667,
  x_semantic_jacc_avg : 0.775

iteration : 2,
  seconds_elapsed : 0:01:38.023102,
  acl_jacc_val : 1.0,
  gt_acl : 101,
  llm_acl : 101,
  intersection : 101,
  under_perm : 0,
  over_perm : 0,
  syntax_jacc_avg : 0.9833333333333334,
  semantic_jacc_avg : 0.9
  x_syntax_jacc_avg   : 0.9916666666666667,
  x_semantic_jacc_avg : 0.9