# org : university, LLM : claude_opus_4_1, num_ctx : 0

iteration : 0,
  seconds_elapsed : 0:00:12.460222,
  acl_jacc_val : 0.7380952380952381,
  gt_acl : 168,
  llm_acl : 124,
  intersection : 124,
  under_perm : 44,
  over_perm : 0,
  syntax_jacc_avg : 0.6875,
  semantic_jacc_avg : 0.5833333333333333,
  x_syntax_jacc_avg   : 0.6827651515151514,
  x_semantic_jacc_avg : 0.5643939393939393

iteration : 1,
  seconds_elapsed : 0:00:06.404950,
  acl_jacc_val : 0.7380952380952381,
  gt_acl : 168,
  llm_acl : 124,
  intersection : 124,
  under_perm : 44,
  over_perm : 0,
  syntax_jacc_avg : 0.6875,
  semantic_jacc_avg : 0.5833333333333333
  x_syntax_jacc_avg   : 0.6827651515151514,
  x_semantic_jacc_avg : 0.5643939393939393

iteration : 2,
  seconds_elapsed : 0:00:09.195695,
  acl_jacc_val : 0.7380952380952381,
  gt_acl : 168,
  llm_acl : 124,
  intersection : 124,
  under_perm : 44,
  over_perm : 0,
  syntax_jacc_avg : 0.6875,
  semantic_jacc_avg : 0.5833333333333333
  x_syntax_jacc_avg   : 0.6827651515151514,
  x_semantic_jacc_avg : 0.5643939393939393