# org : healthcare, LLM : deepseek_r1_70b, num_ctx : 131072

iteration : 0,
  seconds_elapsed : 0:03:25.749340,
  acl_jacc_val : 0.04986149584487535,
  gt_acl : 43,
  llm_acl : 336,
  intersection : 18,
  under_perm : 25,
  over_perm : 318,
  syntax_jacc_avg : 0.11805555555555557,
  semantic_jacc_avg : 0.009424603174603174,
  x_syntax_jacc_avg   : 0.22569444444444445,
  x_semantic_jacc_avg : 0.02256944444444444

iteration : 1,
  seconds_elapsed : 0:04:14.126953,
  acl_jacc_val : 0.03773584905660377,
  gt_acl : 43,
  llm_acl : 672,
  intersection : 26,
  under_perm : 17,
  over_perm : 646,
  syntax_jacc_avg : 0.22222222222222224,
  semantic_jacc_avg : 0.013392857142857142
  x_syntax_jacc_avg   : 0.2777777777777778,
  x_semantic_jacc_avg : 0.018601190476190476

iteration : 2,
  seconds_elapsed : 0:04:55.889271,
  acl_jacc_val : 0.04265873015873016,
  gt_acl : 43,
  llm_acl : 1008,
  intersection : 43,
  under_perm : 0,
  over_perm : 965,
  syntax_jacc_avg : 0.30555555555555564,
  semantic_jacc_avg : 0.021825396825396828
  x_syntax_jacc_avg   : 0.3194444444444444,
  x_semantic_jacc_avg : 0.023313492063492067