# org : project-management, LLM : claude_sonnet_4, num_ctx : 0

iteration : 0,
  seconds_elapsed : 0:01:35.813321,
  acl_jacc_val : 0.11009174311926606,
  gt_acl : 101,
  llm_acl : 20,
  intersection : 12,
  under_perm : 89,
  over_perm : 8,
  syntax_jacc_avg : 0.5416666666666666,
  semantic_jacc_avg : 0.032,
  x_syntax_jacc_avg   : 0.5375000000000001,
  x_semantic_jacc_avg : 0.03779310344827586

iteration : 1,
  seconds_elapsed : 0:01:33.652119,
  acl_jacc_val : 0.10256410256410256,
  gt_acl : 101,
  llm_acl : 28,
  intersection : 12,
  under_perm : 89,
  over_perm : 16,
  syntax_jacc_avg : 0.5333333333333333,
  semantic_jacc_avg : 0.032
  x_syntax_jacc_avg   : 0.5375000000000001,
  x_semantic_jacc_avg : 0.04

iteration : 2,
  seconds_elapsed : 0:01:33.491960,
  acl_jacc_val : 0.1188118811881188,
  gt_acl : 101,
  llm_acl : 12,
  intersection : 12,
  under_perm : 89,
  over_perm : 0,
  syntax_jacc_avg : 0.5333333333333333,
  semantic_jacc_avg : 0.032
  x_syntax_jacc_avg   : 0.5398148148148147,
  x_semantic_jacc_avg : 0.042666666666666665