# org : project-management, LLM : llama3_3_70b, num_ctx : 131072

iteration : 0,
  seconds_elapsed : 0:03:09.181839,
  acl_jacc_val : 0.022274633123689727,
  gt_acl : 101,
  llm_acl : 3800,
  intersection : 85,
  under_perm : 16,
  over_perm : 3715,
  syntax_jacc_avg : 0.19166666666666665,
  semantic_jacc_avg : 0.016909703382166755,
  x_syntax_jacc_avg   : 0.20625,
  x_semantic_jacc_avg : 0.018634550175098293

iteration : 1,
  seconds_elapsed : 0:24:52.520250,
  acl_jacc_val : 0.022274633123689727,
  gt_acl : 101,
  llm_acl : 3800,
  intersection : 85,
  under_perm : 16,
  over_perm : 3715,
  syntax_jacc_avg : 0.19166666666666665,
  semantic_jacc_avg : 0.016909703382166755
  x_syntax_jacc_avg   : 0.20625,
  x_semantic_jacc_avg : 0.018634550175098293

iteration : 2,
  seconds_elapsed : 0:05:25.006855,
  acl_jacc_val : 0.022274633123689727,
  gt_acl : 101,
  llm_acl : 3800,
  intersection : 85,
  under_perm : 16,
  over_perm : 3715,
  syntax_jacc_avg : 0.19166666666666665,
  semantic_jacc_avg : 0.016909703382166755
  x_syntax_jacc_avg   : 0.2056818181818182,
  x_semantic_jacc_avg : 0.01963683936536887