# org : healthcare, LLM : llama3_3_70b, num_ctx : 131072

iteration : 0,
  seconds_elapsed : 0:02:11.095757,
  acl_jacc_val : 0.12631578947368421,
  gt_acl : 43,
  llm_acl : 64,
  intersection : 12,
  under_perm : 31,
  over_perm : 52,
  syntax_jacc_avg : 0.39814814814814814,
  semantic_jacc_avg : 0.06535947712418301,
  x_syntax_jacc_avg   : 0.45548433048433046,
  x_semantic_jacc_avg : 0.06737053795877325

iteration : 1,
  seconds_elapsed : 0:02:29.328175,
  acl_jacc_val : 0.12631578947368421,
  gt_acl : 43,
  llm_acl : 64,
  intersection : 12,
  under_perm : 31,
  over_perm : 52,
  syntax_jacc_avg : 0.39814814814814814,
  semantic_jacc_avg : 0.06535947712418301
  x_syntax_jacc_avg   : 0.4574074074074074,
  x_semantic_jacc_avg : 0.0718954248366013

iteration : 2,
  seconds_elapsed : 0:01:50.036013,
  acl_jacc_val : 0.12631578947368421,
  gt_acl : 43,
  llm_acl : 64,
  intersection : 12,
  under_perm : 31,
  over_perm : 52,
  syntax_jacc_avg : 0.39814814814814814,
  semantic_jacc_avg : 0.06535947712418301
  x_syntax_jacc_avg   : 0.455026455026455,
  x_semantic_jacc_avg : 0.06279178338001867