# org : workforce, LLM : openai_gpt5, num_ctx : 0

iteration : 0,
  seconds_elapsed : 0:05:09.987903,
  acl_jacc_val : 0.24355255524497654,
  gt_acl : 15858,
  llm_acl : 7721,
  intersection : 4618,
  under_perm : 11240,
  over_perm : 3103,
  syntax_jacc_avg : 0.6815476190476192,
  semantic_jacc_avg : 0.2690690137831691,
  x_syntax_jacc_avg   : 0.7294584500466853,
  x_semantic_jacc_avg : 0.30575969902595623

iteration : 1,
  seconds_elapsed : 0:01:33.403493,
  acl_jacc_val : 0.24355255524497654,
  gt_acl : 15858,
  llm_acl : 7721,
  intersection : 4618,
  under_perm : 11240,
  over_perm : 3103,
  syntax_jacc_avg : 0.0,
  semantic_jacc_avg : 0
  x_syntax_jacc_avg   : 0.0,
  x_semantic_jacc_avg : 0.0

iteration : 2,
  seconds_elapsed : 0:01:34.494944,
  acl_jacc_val : 0.24355255524497654,
  gt_acl : 15858,
  llm_acl : 7721,
  intersection : 4618,
  under_perm : 11240,
  over_perm : 3103,
  syntax_jacc_avg : 0.0,
  semantic_jacc_avg : 0
  x_syntax_jacc_avg   : 0.0,
  x_semantic_jacc_avg : 0.0